44, 38, 0
44, 80, 0
44, 116, 0
44, 150, 0
44, 188, 0
44, 227, 0
44, 263, 0
44, 300, 0
44, 338, 0
44, 383, 0
44, 383, 91
81, 383, 91
81, 427, 91
81, 427, 174
118, 427, 174
118, 469, 174
118, 469, 255
155, 469, 255
155, 506, 255
155, 548, 255
155, 548, 336
200, 548, 336
200, 548, 425
235, 548, 425
235, 592, 425
235, 630, 425
235, 667, 425
235, 708, 425
235, 747, 425
235, 747, 501
276, 747, 501
276, 747, 583
317, 747, 583
317, 786, 583
317, 825, 583
317, 861, 583
317, 900, 583
317, 900, 665
360, 900, 665
360, 900, 749
398, 900, 749
398, 939, 749
398, 976, 749
398, 1011, 749
398, 1011, 824
437, 1011, 824
437, 1011, 900
474, 1011, 900
474, 1050, 900
474, 1090, 900
474, 1130, 900
474, 1130, 979
511, 1130, 979
511, 1168, 979
511, 1209, 979
511, 1209, 1059
562, 1209, 1059
562, 1209, 1153
611, 1209, 1153
611, 1246, 1153
611, 1284, 1153
611, 1319, 1153
611, 1354, 1153
611, 1354, 1239
646, 1354, 1239
646, 1354, 1311
694, 1354, 1311
694, 1391, 1311
694, 1430, 1311
694, 1430, 1400
733, 1430, 1400
733, 1469, 1400
733, 1508, 1400
733, 1508, 1480
776, 1508, 1480
776, 1545, 1480
776, 1545, 1562
818, 1545, 1562
818, 1579, 1562
818, 1579, 1640
856, 1579, 1640
856, 1618, 1640
856, 1654, 1640
856, 1654, 1716
897, 1654, 1716
897, 1691, 1716
897, 1732, 1716
897, 1732, 1800
931, 1732, 1800
931, 1732, 1877
972, 1732, 1877
972, 1772, 1877
972, 1812, 1877
972, 1851, 1877
972, 1851, 1959
1012, 1851, 1959
1012, 1889, 1959
1012, 1889, 2039
1056, 1889, 2039
1056, 1889, 2123
1094, 1889, 2123
1094, 1929, 2123
1094, 1929, 2203
1140, 1929, 2203
1140, 1929, 2291
1174, 1929, 2291
1174, 1929, 2367
1211, 1929, 2367
1211, 1929, 2446
1250, 1929, 2446
1250, 1929, 2527
1250, 1929, 2527
